0	0	0.001	1e-06	0	0	0	0	0	0	1	0	0	0
0.0272407	-0.0272408	0.000999999	1e-06	0	0	0	0	0	0	1	0	1	1
1.53355	-0.118027	1.18545	0.00164804	1.55945	-0.138501	2.09897	0.0522228	2.19595	0.109339	2	1	1	1
1.61663	0.0204652	1.56388	-0.098819	1.81209	0.0474826	2.09897	0.0522228	2.19595	0.109339	2	1	2	4
3.69613	0.232933	2.08929	-1.8147	3.89093	-0.134166	4.29136	0.215312	2.28434	0.226323	3	19	2	4
3.78321	0.25072	2.88498	-0.240875	4.19528	0.218461	4.29136	0.215312	2.28434	0.226323	3	19	3	3
6.73866	0.460439	3.59811	-0.34028	6.86352	0.416817	6.56942	0.496096	2.36382	0.348847	4	6	3	3
6.64404	0.474147	3.25641	-0.929689	6.43926	0.472879	6.56942	0.496096	2.36382	0.348847	4	6	4	3
9.12004	0.547831	3.01649	-0.638685	9.07733	0.593211	8.92437	0.89924	2.43359	0.474526	5	2	4	3
9.05246	0.62705	2.79469	-0.657647	8.89749	0.886982	8.92437	0.89924	2.43359	0.474526	5	2	5	2
11.7047	1.50562	2.04565	0.559915	11.5756	1.6669	11.3468	1.427	2.49328	0.600781	6	14	5	2
11.697	1.46508	2.1803	0.541373	11.4447	1.42958	11.3468	1.427	2.49328	0.600781	6	14	6	2
13.6314	2.30205	1.87212	1.03202	13.5921	2.31191	13.827	2.07905	2.5429	0.724947	7	0	6	2
13.6836	2.26248	2.06701	1.02838	13.6572	1.99915	13.827	2.07905	2.5429	0.724947	7	0	7	2
16.4649	2.92288	2.6411	0.596741	16.6456	2.903	16.3554	2.85243	2.58284	0.844365	8	8	7	2
16.4392	2.91812	2.63492	0.606908	16.282	2.84648	16.3554	2.85243	2.58284	0.844365	8	8	8	0
19.0111	3.68642	2.61538	0.749533	19.0106	3.70555	18.923	3.74161	2.61382	0.95648	9	0	8	0
19.0481	3.70165	2.57959	0.755533	19.363	3.87122	18.923	3.74161	2.61382	0.95648	9	0	9	1
21.3753	4.71699	2.341	1.06822	21.3312	4.73205	21.5215	4.73855	2.63679	1.05891	10	0	9	1
21.4393	4.72402	2.46564	1.091	21.6213	4.74762	21.5215	4.73855	2.63679	1.05891	10	0	10	1
24.0437	5.59017	2.60016	0.911761	24.0787	5.56967	24.1437	5.83295	2.65286	1.14953	11	0	10	1
24.1591	5.62411	2.77726	0.938165	24.5601	5.92334	24.1437	5.83295	2.65286	1.14953	11	0	11	3
26.6497	6.93709	2.49854	1.34137	26.6052	6.96102	26.7833	7.01246	2.6632	1.22647	12	1	11	3
26.6552	6.93158	2.57203	1.34796	26.5419	6.90075	26.7833	7.01246	2.6632	1.22647	12	1	12	0
29.515	8.09138	2.8481	1.16972	29.5864	8.08789	29.4352	8.26299	2.66893	1.28822	13	1	12	0
29.51	8.09374	2.83243	1.1711	29.4716	8.24519	29.4352	8.26299	2.66893	1.28822	13	1	13	0
31.9855	9.84164	2.41467	1.78769	31.9416	9.88017	32.0955	9.56901	2.67105	1.33358	14	1	13	0
31.9432	9.82299	2.38465	1.76322	31.7928	9.49891	32.0955	9.56901	2.67105	1.33358	14	1	14	0
34.601	10.7906	2.56719	1.02116	34.6157	10.6988	34.7608	10.9139	2.67035	1.3617	15	4	14	0
34.6939	10.8225	2.70197	1.0281	35.0599	10.9953	34.7608	10.9139	2.67035	1.3617	15	4	15	2
37.1795	12.0645	2.55831	1.16835	37.1404	12.0883	37.4287	12.2803	2.66736	1.37209	16	0	15	2
37.2546	12.088	2.67312	1.20751	37.4973	12.2943	37.4287	12.2803	2.66736	1.37209	16	0	16	1
40.2335	13.4267	2.97608	1.31795	40.3285	13.4666	40.0971	13.6505	2.66232	1.36459	17	2	16	1
40.1713	13.4122	2.85687	1.29221	39.9009	13.6243	40.0971	13.6505	2.66232	1.36459	17	2	17	1
42.8031	14.8287	2.66483	1.45474	42.7664	14.8294	42.7638	15.0065	2.65515	1.33938	18	0	17	1
42.7897	14.8244	2.69184	1.4615	42.5714	14.9817	42.7638	15.0065	2.65515	1.33938	18	0	18	0
45.3556	16.5329	2.52909	1.79885	45.3572	16.5524	45.4265	16.3307	2.64546	1.29701	19	0	18	0
45.404	16.5467	2.58854	1.81548	45.649	16.5213	45.4265	16.3307	2.64546	1.29701	19	0	19	0
48.1829	17.3919	2.69502	0.872706	48.1541	17.2835	48.0823	17.6063	2.6326	1.23832	20	5	19	0
48.15	17.3816	2.65353	0.871761	47.9331	17.5349	48.0823	17.6063	2.6326	1.23832	20	5	20	0
50.6264	18.9836	2.41029	1.54632	50.6228	19.0721	50.7276	18.8172	2.61569	1.16454	21	3	20	0
50.6195	18.9744	2.43904	1.54257	50.5737	18.7834	50.7276	18.8172	2.61569	1.16454	21	3	21	0
53.6283	19.9277	2.95139	0.830523	53.7268	19.8982	53.3577	19.9486	2.59372	1.07716	22	4	21	0
53.5893	19.9012	2.83569	0.784887	53.5277	19.862	53.3577	19.9486	2.59372	1.07716	22	4	22	0
56.094	21.056	2.57527	1.04039	56.0322	21.0923	55.9669	20.9874	2.56561	0.978022	23	2	22	0
56.053	21.0409	2.52929	1.01567	55.867	20.985	55.9669	20.9874	2.56561	0.978022	23	2	23	0
58.6523	21.8029	2.63276	0.740905	58.6632	21.7821	58.5484	21.9225	2.53033	0.869205	24	0	23	0
58.6596	21.8084	2.66593	0.756411	58.5799	21.9815	58.5484	21.9225	2.53033	0.869205	24	0	24	0
60.9501	22.7775	2.36319	0.928627	60.8722	22.7876	61.0941	22.7449	2.48697	0.753031	25	1	24	0
60.9323	22.7675	2.39439	0.932816	60.7648	22.6398	61.0941	22.7449	2.48697	0.753031	25	1	25	0
63.376	23.4344	2.46562	0.675949	63.3821	23.4069	63.5955	23.4479	2.43482	0.631987	26	0	25	0
63.4382	23.4565	2.49759	0.679489	63.7478	23.7442	63.5955	23.4479	2.43482	0.631987	26	0	26	2
66.2552	23.9862	2.82356	0.421848	66.3403	23.9959	66.0431	24.0276	2.37349	0.508655	27	1	26	2
66.1606	23.9386	2.61298	0.328326	65.8838	23.9541	66.0431	24.0276	2.37349	0.508655	27	1	27	3
68.3597	24.3493	2.30073	0.292333	68.262	24.3582	68.4273	24.4824	2.30293	0.385623	28	2	27	3
68.4354	24.3791	2.41349	0.342634	68.6759	24.6059	68.4273	24.4824	2.30293	0.385623	28	2	28	1
70.8206	24.8634	2.41306	0.465737	70.8275	24.8844	70.7384	24.8137	2.22347	0.265395	29	0	28	1
70.7823	24.8493	2.33176	0.431293	70.7403	24.6728	70.7384	24.8137	2.22347	0.265395	29	0	29	0
72.9485	24.774	2.17968	-0.0725077	72.8923	24.7135	72.9675	25.025	2.13584	0.150292	30	1	29	0
72.9823	24.7881	2.22049	-0.0618326	73.0732	25.0343	72.9675	25.025	2.13584	0.150292	30	1	30	0
75.0284	25.1944	2.06498	0.30082	75.0021	25.2595	75.1062	25.1224	2.04114	0.0423626	31	2	30	0
75.0164	25.1901	2.0519	0.292983	74.9748	25.1377	75.1062	25.1224	2.04114	0.0423626	31	2	31	0
77.1181	24.9913	2.07531	-0.189151	77.1225	24.9297	77.1475	25.1137	1.9408	-0.0566978	32	1	31	0
77.1124	24.9779	1.98873	-0.22363	77.1386	25.2948	77.1475	25.1137	1.9408	-0.0566978	32	1	32	0
79.0935	24.9921	1.99906	-0.0896277	79.1089	25.0369	79.0861	25.0086	1.83649	-0.145607	33	0	32	0
79.0918	24.9916	1.96281	-0.0989674	79.1718	24.9698	79.0861	25.0086	1.83649	-0.145607	33	0	33	0
80.8522	24.8702	1.8157	-0.151465	80.8074	24.8688	80.9183	24.8178	1.73008	-0.223536	34	0	33	0
80.8747	24.8758	1.77359	-0.157299	81.1423	24.8704	80.9183	24.8178	1.73008	-0.223536	34	0	34	1
82.6204	24.6441	1.76872	-0.266782	82.6216	24.6393	82.6423	24.5525	1.6235	-0.29012	35	0	34	1
82.5963	24.6344	1.70432	-0.284301	82.5085	24.8114	82.6423	24.5525	1.6235	-0.29012	35	0	35	0
84.1898	24.5204	1.62833	-0.176921	84.1733	24.5504	84.2584	24.2245	1.51869	-0.345444	36	0	35	0
84.1959	24.5217	1.63082	-0.175392	84.2898	24.3312	84.2584	24.2245	1.51869	-0.345444	36	0	36	0
85.6764	23.8761	1.45537	-0.61697	85.6378	23.808	85.7688	23.8451	1.41749	-0.390006	37	1	36	0
85.7186	23.8892	1.50016	-0.612981	85.9743	23.7547	85.7688	23.8451	1.41749	-0.390006	37	1	37	0
86.9869	23.4812	1.29169	-0.543906	86.9449	23.527	87.1776	23.4252	1.32159	-0.424654	38	1	37	0
87.0797	23.5088	1.35743	-0.514273	87.6171	23.5127	87.1776	23.4252	1.32159	-0.424654	38	1	38	3
88.7335	22.8094	1.6089	-0.725347	88.8227	22.7869	88.4904	22.9745	1.23248	-0.450514	39	1	38	3
88.6734	22.7889	1.50636	-0.760155	88.4191	22.9498	88.4904	22.9745	1.23248	-0.450514	39	1	39	0
89.6267	22.2605	1.03405	-0.632197	89.4967	22.3082	89.7145	22.5017	1.15138	-0.468904	40	4	39	0
89.6562	22.2696	1.05048	-0.625914	89.7821	22.4826	89.7145	22.5017	1.15138	-0.468904	40	4	40	0
90.543	21.6589	0.897835	-0.66706	90.5133	21.6677	90.858	22.0141	1.07929	-0.481241	41	0	40	0
90.6278	21.6816	1.02362	-0.655346	90.8419	22.0974	90.858	22.0141	1.07929	-0.481241	41	0	41	1
91.6943	21.0982	1.06879	-0.620841	91.7178	21.1152	91.9302	21.5174	1.01698	-0.488964	42	0	41	1
91.7574	21.1141	1.10554	-0.597107	92.0492	21.5289	91.9302	21.5174	1.01698	-0.488964	42	0	42	1
92.8535	20.8907	1.09209	-0.274577	92.8599	20.9537	92.9411	21.016	0.964993	-0.493443	43	1	42	1
92.916	20.9113	1.0936	-0.241897	93.3186	21.0712	92.9411	21.016	0.964993	-0.493443	43	1	43	2
93.5859	20.3102	0.744859	-0.396953	93.4668	20.2155	93.9011	20.513	0.92369	-0.495919	44	4	43	2
93.6319	20.324	0.823826	-0.409184	93.7423	20.5071	93.9011	20.513	0.92369	-0.495919	44	4	44	0
95.1306	19.6843	1.42035	-0.608837	95.3229	19.6585	94.8209	20.01	0.893308	-0.497439	45	7	44	0
94.9933	19.6449	1.15891	-0.697182	94.494	19.8854	94.8209	20.01	0.893308	-0.497439	45	7	45	4
95.6386	19.5912	0.68155	-0.264214	95.5039	19.6984	95.7116	19.5078	0.87398	-0.498816	46	7	45	4
95.6493	19.5865	0.733202	-0.278222	95.6097	19.5804	95.7116	19.5078	0.87398	-0.498816	46	7	46	0
96.2919	19.1998	0.680923	-0.33726	96.2641	19.1597	96.5842	19.0065	0.865773	-0.500589	47	0	46	0
96.3346	19.2059	0.745148	-0.342966	96.559	18.8688	96.5842	19.0065	0.865773	-0.500589	47	0	47	0
97.4269	18.7429	1.06656	-0.441889	97.5286	18.727	97.45	18.506	0.868716	-0.503009	48	2	47	0
97.4172	18.7382	1.0318	-0.449238	97.5333	18.1735	97.45	18.506	0.868716	-0.503009	48	2	48	0
98.2532	18.363	0.898452	-0.389016	98.2105	18.3739	98.3198	18.0049	0.882805	-0.506023	49	0	48	0
98.2661	18.3653	0.891476	-0.384025	98.4162	18.1556	98.3198	18.0049	0.882805	-0.506023	49	0	49	0
99.0655	17.4672	0.722789	-0.806792	99.0363	17.357	99.2049	17.503	0.908006	-0.509278	50	3	49	0
99.0779	17.4922	0.820467	-0.794942	98.9782	17.2949	99.2049	17.503	0.908006	-0.509278	50	3	50	1
99.9598	16.9381	0.847544	-0.652809	99.9969	16.9882	100.117	17.0001	0.944242	-0.512134	51	1	50	1
100.041	16.9525	0.926477	-0.629207	100.441	16.9521	100.117	17.0001	0.944242	-0.512134	51	1	51	2
101.148	16.5043	1.0977	-0.440725	101.204	16.5368	101.065	16.497	0.991362	-0.513687	52	0	51	2
101.138	16.5051	1.05855	-0.439546	101.169	16.4353	101.065	16.497	0.991362	-0.513687	52	0	52	0
102.342	16.355	1.19478	-0.0937165	102.387	16.3992	102.063	15.9949	1.04911	-0.512803	53	0	52	0
102.273	16.3474	1.09789	-0.119441	102.081	15.8359	102.063	15.9949	1.04911	-0.512803	53	0	53	1
103.086	15.5116	0.759719	-0.525709	103.003	15.353	103.119	15.4967	1.11708	-0.508169	54	8	53	1
103.058	15.5292	0.83381	-0.525723	102.776	15.1195	103.119	15.4967	1.11708	-0.508169	54	8	54	2
104.049	15.2157	0.973599	-0.38084	104.114	15.2708	104.244	15.0064	1.19469	-0.498349	55	1	54	2
104.044	15.2107	1.04645	-0.391302	103.905	14.7607	104.244	15.0064	1.19469	-0.498349	55	1	55	1
105.44	14.5018	1.35808	-0.679534	105.541	14.4412	105.447	14.5293	1.28111	-0.481861	56	3	55	1
105.405	14.4937	1.31114	-0.690618	105.316	14.0026	105.447	14.5293	1.28111	-0.481861	56	3	56	0
106.801	14.0207	1.41269	-0.493749	106.831	14.0482	106.737	14.0724	1.37529	-0.457255	57	0	56	0
106.757	14.0129	1.40121	-0.510287	106.439	14.2401	106.737	14.0724	1.37529	-0.457255	57	0	57	1
108.096	13.6448	1.38551	-0.347275	108.084	13.6604	108.122	13.644	1.47592	-0.423202	58	0	57	1
108.118	13.6469	1.44791	-0.342952	108.131	13.6844	108.122	13.644	1.47592	-0.423202	58	0	58	0
109.537	13.5455	1.44977	-0.047198	109.534	13.5714	109.606	13.2536	1.58144	-0.378583	59	0	58	0
109.51	13.5402	1.44209	-0.0561322	109.388	13.1556	109.606	13.2536	1.58144	-0.378583	59	0	59	0
111.041	12.7111	1.36586	-0.715382	111.063	12.5814	111.196	12.9118	1.69008	-0.322574	60	5	59	0
111.131	12.7439	1.53114	-0.715525	111.426	12.9557	111.196	12.9118	1.69008	-0.322574	60	5	60	2
112.854	12.431	1.69961	-0.361371	112.913	12.4877	112.893	12.6299	1.7999	-0.254723	61	2	60	2
112.863	12.4308	1.73989	-0.357324	112.797	12.8241	112.893	12.6299	1.7999	-0.254723	61	2	61	0
114.755	12.5059	1.85436	0.178494	114.801	12.5506	114.699	12.4195	1.90891	-0.175007	62	1	61	0
114.773	12.51	1.85065	0.186581	114.916	12.3187	114.699	12.4195	1.90891	-0.175007	62	1	62	0
116.674	12.1822	1.86061	-0.189364	116.687	12.1035	116.611	12.2921	2.01507	-0.0838683	63	2	62	0
116.726	12.1964	1.97836	-0.180258	116.871	12.0659	116.611	12.2921	2.01507	-0.0838683	63	2	63	0
118.892	12.0017	2.17062	-0.197257	118.953	12.0009	118.628	12.2586	2.11648	0.0177712	64	0	63	0
118.891	12.0022	2.16861	-0.196853	118.85	12.4063	118.628	12.2586	2.11648	0.0177712	64	0	64	0
120.765	12.2486	1.9154	0.226347	120.695	12.2918	120.743	12.3289	2.21139	0.128528	65	1	64	0
120.811	12.2486	2.01187	0.240216	120.934	12.1905	120.743	12.3289	2.21139	0.128528	65	1	65	0
123.394	12.7912	2.4784	0.719512	123.568	12.8297	122.95	12.5114	2.29835	0.246599	66	6	65	0
123.336	12.7908	2.37971	0.714911	123.142	12.7694	122.95	12.5114	2.29835	0.246599	66	6	66	0
125.077	12.8774	1.78692	0.335905	124.894	12.7743	125.242	12.8125	2.37624	0.369827	67	9	66	0
125.191	12.9004	2.08002	0.366697	125.376	12.9964	125.242	12.8125	2.37624	0.369827	67	9	67	4
127.721	13.3106	2.49599	0.392367	127.853	13.3273	127.609	13.2365	2.44434	0.495787	68	3	67	4
127.689	13.3076	2.48425	0.393573	127.506	13.153	127.609	13.2365	2.44434	0.495787	68	3	68	0
129.987	13.6996	2.35949	0.39958	129.947	13.6963	130.042	13.7853	2.50232	0.621879	69	0	68	0
130.042	13.7052	2.39908	0.403251	130.334	13.781	130.042	13.7853	2.50232	0.621879	69	0	69	1
132.151	14.4771	2.12901	0.788548	132.092	14.507	132.53	14.458	2.55028	0.74543	70	1	69	1
132.231	14.4743	2.29945	0.804012	132.447	14.3423	132.53	14.458	2.55028	0.74543	70	1	70	1
134.957	15.0573	2.68832	0.569734	135.074	15.0475	135.066	15.2513	2.58865	0.863795	71	3	70	1
134.963	15.0552	2.65008	0.561255	135.127	14.6575	135.066	15.2513	2.58865	0.863795	71	3	71	0
137.55	16.1651	2.54304	1.14668	137.561	16.2147	137.639	16.1592	2.61821	0.974442	72	1	71	0
137.593	16.1616	2.64204	1.14794	137.653	16.5145	137.639	16.1592	2.61821	0.974442	72	1	72	0
140.312	17.0358	2.72106	0.940716	140.331	17.008	140.242	17.1733	2.63994	1.07503	73	0	72	0
140.326	17.0377	2.7486	0.940832	140.305	17.5379	140.242	17.1733	2.63994	1.07503	73	0	73	0
142.919	17.9944	2.64355	0.969083	142.888	17.9918	142.868	18.2829	2.65497	1.16346	74	0	73	0
142.888	17.9901	2.6544	0.969479	142.626	18.1458	142.868	18.2829	2.65497	1.16346	74	0	74	0
145.408	19.1479	2.53399	1.19912	145.392	19.1617	145.51	19.4754	2.66445	1.23795	75	0	74	0
145.493	19.1527	2.66251	1.20329	145.789	19.3785	145.51	19.4754	2.66445	1.23795	75	0	75	1
148.216	20.4615	2.71618	1.36609	148.251	20.4754	148.163	20.7364	2.66951	1.29702	76	0	75	1
148.205	20.463	2.67548	1.36822	148.146	20.9376	148.163	20.7364	2.66951	1.29702	76	0	76	0
150.699	22.0988	2.45527	1.73481	150.686	22.1142	150.825	22.0502	2.67111	1.33953	77	0	76	0
150.716	22.0898	2.56167	1.72361	150.649	21.8148	150.825	22.0502	2.67111	1.33953	77	0	77	0
153.399	23.5182	2.68221	1.47397	153.422	23.4909	153.491	23.3999	2.66999	1.3647	78	0	77	0
153.389	23.5166	2.65614	1.4739	153.466	22.9115	153.491	23.3999	2.66999	1.3647	78	0	78	0
156.049	24.8211	2.71579	1.27793	156.047	24.8084	156.159	24.7682	2.66666	1.37208	79	0	78	0
156.027	24.8192	2.63389	1.27497	156.009	25.0678	156.159	24.7682	2.66666	1.37208	79	0	79	0
158.854	26.0205	2.86735	1.12746	158.905	26.0308	158.827	26.1372	2.66127	1.36157	80	0	79	0
158.883	26.0245	2.88985	1.12544	159.014	26.1903	158.827	26.1372	2.66127	1.36157	80	0	80	0
161.47	27.4098	2.63321	1.35986	161.412	27.4256	161.493	27.4891	2.65371	1.33344	81	1	80	0
161.481	27.4149	2.6111	1.3631	161.529	27.8454	161.493	27.4891	2.65371	1.33344	81	1	81	0
163.707	28.7922	2.25325	1.46508	163.625	28.7683	164.155	28.8064	2.64354	1.28825	82	1	81	0
163.814	28.8016	2.4226	1.4781	164.116	29.315	164.155	28.8064	2.64354	1.28825	82	1	82	2
166.708	30.1856	2.88443	1.31546	166.828	30.2062	166.809	30.0721	2.63006	1.22694	83	3	82	2
166.675	30.1799	2.78018	1.31367	166.748	29.7121	166.809	30.0721	2.63006	1.22694	83	3	83	0
169.169	31.3925	2.58053	1.20207	169.097	31.3717	169.452	31.2706	2.61238	1.15075	84	1	83	0
169.18	31.3934	2.59927	1.20308	169.345	30.7063	169.452	31.2706	2.61238	1.15075	84	1	84	0
172.101	32.3432	2.94438	0.833091	172.175	32.3404	172.079	32.3873	2.58945	1.06126	85	1	84	0
172.095	32.3393	2.8756	0.820229	172.135	32.6666	172.079	32.3873	2.58945	1.06126	85	1	85	0
174.698	33.4378	2.66421	1.02193	174.643	33.4625	174.685	33.4095	2.56021	0.960341	86	1	85	0
174.662	33.435	2.59179	1.01136	174.474	33.9157	174.685	33.4095	2.56021	0.960341	86	1	86	0
177.077	34.2315	2.47076	0.824668	177.03	34.2009	177.261	34.3262	2.52363	0.850119	87	0	86	0
177.081	34.2318	2.45624	0.821154	177.211	33.8467	177.261	34.3262	2.52363	0.850119	87	0	87	0
180.01	35.1093	2.91283	0.810517	180.145	35.1423	179.799	35.1289	2.47883	0.732949	88	4	87	0
179.905	35.0902	2.6955	0.783521	179.543	35.4767	179.799	35.1289	2.47883	0.732949	88	4	88	2
182.596	35.758	2.74012	0.627732	182.599	35.753	182.292	35.8114	2.42515	0.611338	89	0	88	2
182.499	35.739	2.57723	0.602478	182.047	36.2626	182.292	35.8114	2.42515	0.611338	89	0	89	2
184.793	36.5036	2.35549	0.73976	184.732	36.5155	184.73	36.37	2.36226	0.487877	90	1	89	2
184.767	36.5016	2.2698	0.724892	184.833	36.1451	184.73	36.37	2.36226	0.487877	90	1	90	0
186.966	36.9735	2.23169	0.502307	186.946	36.9404	187.103	36.804	2.29017	0.365145	91	0	90	0
187.025	36.9853	2.30842	0.511033	187.296	36.9375	187.103	36.804	2.29017	0.365145	91	0	91	0
189.433	37.405	2.43511	0.367014	189.465	37.4052	189.401	37.1147	2.20928	0.245623	92	0	91	0
189.444	37.4043	2.3765	0.35136	189.738	36.951	189.401	37.1147	2.20928	0.245623	92	0	92	0
191.75	37.5749	2.35108	0.101899	191.735	37.5631	191.615	37.3064	2.12037	0.131591	93	0	92	0
191.709	37.5633	2.26512	0.0839528	191.682	37.1147	191.615	37.3064	2.12037	0.131591	93	0	93	0
193.574	37.3088	1.92291	-0.32258	193.471	37.2789	193.738	37.3853	2.02462	0.0250452	94	2	93	0
193.588	37.3157	1.97545	-0.313494	193.555	37.4234	193.738	37.3853	2.02462	0.0250452	94	2	94	0
195.889	37.3411	2.24518	-0.0237293	195.991	37.3991	195.762	37.3598	1.92349	-0.072386	95	3	94	0
195.799	37.3267	2.07559	-0.0767094	195.507	37.4891	195.762	37.3598	1.92349	-0.072386	95	3	95	2
197.746	37.682	1.94451	0.357054	197.725	37.7285	197.683	37.2395	1.81869	-0.159495	96	1	95	2
197.704	37.6745	1.89466	0.337599	197.582	37.303	197.683	37.2395	1.81869	-0.159495	96	1	96	0
199.366	37.3857	1.6446	-0.126625	199.294	37.2862	199.497	37.0353	1.71212	-0.235529	97	4	96	0
199.364	37.3856	1.64515	-0.126029	199.356	37.3527	199.497	37.0353	1.71212	-0.235529	97	4	97	0
201.427	37.0191	1.99091	-0.478714	201.549	36.9973	201.203	36.7587	1.6057	-0.300201	98	3	97	0
201.336	36.9895	1.82743	-0.519109	200.932	37.4694	201.203	36.7587	1.6057	-0.300201	98	3	98	2
202.99	36.4438	1.66476	-0.678816	202.962	36.4568	202.801	36.4212	1.50137	-0.353671	99	0	98	2
202.938	36.4288	1.56328	-0.692894	202.65	37.2445	202.801	36.4212	1.50137	-0.353671	99	0	99	0
204.086	36.1192	1.17256	-0.502773	203.991	36.1967	204.294	36.0343	1.40095	-0.396497	100	3	99	0
204.086	36.1133	1.27588	-0.521431	203.809	36.2941	204.294	36.0343	1.40095	-0.396497	100	3	100	1
